X,Y,Angle
33.1138,32.9517,-1.2907
27.5224,1.3875,2.0352
-14.3947,-12.5236,-0.9219
32.6954,-24.9718,0.2490
-31.9024,24.5951,-0.4925
21.1978,30.3621,2.7059
24.5647,-28.6865,-0.5584
26.6649,-19.2970,-1.0978
30.5165,10.6220,-2.0210
19.6214,-32.7096,-1.6349
-10.4909,29.1456,2.7045
-31.9799,29.3799,2.0846
-27.1879,-29.4792,0.0700
-13.2383,29.4127,0.2926
27.5537,-31.7836,1.7015
2.6764,32.1478,0.5785
-4.1603,1.5767,-0.4108
-7.0063,8.3892,-0.6144
3.9034,-32.7687,-0.4389
-4.3286,17.3706,2.1456
-22.1269,-24.5611,1.2520
30.7929,-15.9509,-1.9601
-32.2021,3.1973,0.8003
-15.9594,12.4908,-1.0134
-30.2297,-2.3992,-2.4231
-7.7410,32.5508,-3.1080
23.4634,-0.6468,2.6653
-32.4747,28.2762,2.1600
32.6181,-1.8877,-1.2344
-5.2597,22.4862,-1.4393
28.0214,-32.5793,3.1023
-13.4601,31.5002,0.0394
-8.8854,32.7979,3.0897
5.8045,-6.2998,-2.5103
21.5021,-1.0620,0.1588
12.9800,31.3205,-2.2005
17.0727,9.7506,-0.4974
-10.0239,25.4316,-2.6064
-11.5932,26.5599,-0.3153
16.0490,-30.9864,-2.9079
10.3255,-29.7989,0.5592
10.6412,-6.0511,-0.0353
-22.4961,30.3709,2.5291
-32.6884,-2.7918,-1.5934
11.2134,32.5629,-0.1686
32.5620,22.4309,-2.1889
29.2068,17.2926,-2.5153
13.8785,29.7064,0.0970
-31.8593,-23.3831,0.5713
23.9839,29.7475,1.6060
-18.8622,-7.8536,0.8808
-32.3378,-32.8239,-0.4038
24.8972,-18.2489,0.4537
-24.8883,-12.9863,0.9878
-27.7055,32.1173,-2.5607
6.2857,31.5383,0.5752
32.9851,12.8509,-1.7119
22.4575,-16.6435,2.6147
-2.1159,-0.6784,2.0730
29.1781,-5.0081,1.9368
1.7088,23.5659,2.3711
-19.0996,31.7265,-0.6765
-30.7288,8.4438,1.1840
23.9314,26.7698,-2.0466
13.7627,-32.5607,-2.2056
19.7711,24.8668,2.5528
-21.1222,7.5313,2.3042
-0.2973,-11.6869,0.9086
24.8165,31.9909,-0.2432
-29.1612,24.8799,1.0141
-11.4674,-30.7104,-3.0550
-32.7408,-22.3974,0.4609
28.1184,10.1537,2.5603
33.3165,-33.2584,1.1699
-31.1155,30.7186,-2.2416
6.6655,-2.3224,-2.4247
-0.9975,28.7838,-0.4535
-9.2964,-30.6055,2.3092
12.0993,33.2764,0.9715
-13.0629,-31.4372,-0.5245
-10.4781,-7.7168,-1.7330
29.2499,-6.1112,1.8851
5.3106,-19.8717,1.7359
5.2551,-23.8526,-2.1189
5.5358,-2.8052,1.1708
17.5243,27.7731,2.6367
-29.4977,-19.1924,0.4432
10.7148,26.0147,-0.4868
2.4356,-30.7159,2.6325
32.6621,-17.5662,2.2004
-18.9216,29.9323,-1.3194
3.1321,33.1693,-1.0544
-17.3230,-21.5836,1.3900
-10.3393,31.9304,2.5364
16.0185,8.7380,-1.5300
19.8724,-27.3451,0.1926
-14.6203,-21.1016,-0.7602
9.6439,-29.9789,2.0855
-29.4087,12.9627,-1.1781
20.5695,10.4669,-0.8126
-30.4298,30.9208,-2.7577
31.7303,-4.7905,2.8660
-16.5428,32.5767,0.2393
-30.6664,-31.3979,1.4946
-32.3291,31.8711,-2.7933
-14.1883,28.9776,-1.7837
9.4638,-24.5909,-0.9923
30.3953,8.0384,0.3810
32.1020,-3.9057,0.6317
32.5314,-29.2843,-1.5727
7.7262,-28.3437,0.1840
33.0883,-31.2680,-1.1181
-26.6688,8.9818,-0.4244
32.2534,16.6669,-3.1208
28.0126,30.8321,-2.3153
26.7252,-14.6534,-2.6725
29.0326,25.8369,0.2949
-25.5255,-5.8113,2.7717
27.4217,-14.1338,3.1022
-32.9820,-31.8208,-2.1165
-2.9830,16.0612,-1.9124
-32.8672,32.2878,-2.9872
0.3551,27.9169,-0.4227
22.1944,1.2477,-0.4595
31.9334,-6.3966,-1.4106
-12.4880,-33.2988,-1.1887
-25.5020,23.9819,1.4400
-25.3988,31.5872,1.7560
31.2882,25.9434,2.0910
-32.1630,30.4750,1.2587
10.6645,-28.4330,1.1016
4.7685,-13.0546,0.4989
-10.8371,30.1489,0.2799
-32.4652,11.8420,0.4214
-11.0014,-6.2156,1.8441
-19.6863,18.5523,-2.1002
-6.8807,-32.2807,-0.8513
-22.2225,-22.6039,-0.4124
1.6801,-3.2066,2.8861
-17.3822,0.2856,-1.0677
-15.4893,-31.3351,1.4194
-12.0242,9.4258,1.9533
-22.9025,33.2104,-1.6087
-27.4320,22.7658,1.9952
-22.4683,-21.5730,-1.3903
30.5931,32.5550,2.4265
-1.2513,-31.5239,-0.3207
32.7483,5.4056,1.5721
-23.9343,-28.5130,-2.1414
-10.5999,-15.4964,-2.6809
-11.3471,32.0780,-2.4383
-4.5998,-20.0086,2.1356
-31.6457,-8.5767,3.0415
-1.3243,1.2343,1.7848
17.4205,20.5104,-2.1507
-12.9822,-13.0660,-1.2912
23.1864,24.0438,-1.8975
-30.3151,11.4030,1.7037
31.2154,17.8557,1.8401
32.2495,-10.1564,2.5033
-6.3113,20.9354,-2.7726
-31.2644,-13.3909,2.7061
-19.8767,6.9638,-1.6425
-12.3547,-23.1209,-2.1079
-12.4397,32.7712,0.8584
27.6120,-26.3732,2.5122
-32.0273,32.6805,-0.1527
-18.9841,-32.9404,1.4935
-17.6276,32.5080,-2.4316
-14.3868,32.8111,2.3817
18.1365,-22.0951,-1.9588
27.5796,-12.9703,2.1099
-31.1395,29.5969,-1.3133
30.0115,-31.3613,-2.3078
-32.8187,-17.8436,2.7637
30.2764,-21.4116,0.0022
-32.5218,7.3580,-2.6537
-27.3764,28.6144,-2.6040
29.1851,-32.9745,2.2893
11.5296,-4.1742,-1.8585
-13.0217,-26.5909,0.2508
-17.8322,25.0488,-1.7175
-30.7646,-32.9620,-2.4923
32.5329,31.6638,0.7240
13.3524,-25.3569,-0.0984
-1.3127,32.2201,1.6597
4.7238,-30.7467,1.2343
1.5588,-1.0753,2.2642
9.7389,-12.9741,-2.7040
-3.9815,-33.3445,-1.1160
-17.2184,-1.4166,-1.9769
13.5692,32.6406,2.6311
-13.6890,-29.9677,-0.4726
24.6381,30.2567,-0.9101
-31.0749,25.4391,2.5912
-30.8604,-18.3038,2.5688
18.7124,14.7799,-1.8429
-9.7713,-33.0119,0.3222
30.4447,4.9019,0.0120
31.4604,-29.9839,0.6652
